L 220 18 100 100 0 100 66 1
L 220 18 100 232 0 100 66 3
L 240 20 120 298 0 100 66 4
R 200 25 100 364 0 100 66 5
L 260 22 130 430 0 100 66 6
L 260 22 130 496 0 100 66 7
U 150 4  75 562 0 100 66 8
L 280 24 140 628 0 100 66 9
A 0 0 0 694 0 100 100 10
L 300 26 150 694 100 66 100 11
L 300 26 150 694 166 66 100 12 
L 320 28 160 694 298 66 100 14
R 200 25 100 694 364 66 100 15
L 350 35 175 694 496 66 100 17
L 400 50 200 694 628 66 100 19 
A -200 0 0 694 694 100 100 20 
L 60 2 30 628 694 100 66 21
L 60 4 30 496 694 100 66 23
R 200 25 100 364 694 100 66 25
L 100 6 50 298 694 100 66 26
L 100 6 50 166 694 100 66 28
L 120 8 60 100 694 100 66 29
A 0 0 0 0 694 100 100 30 
L 140 10 70 0 628 66 100 31
U 150 4 75 0 562 66 100 32
L 140 10 70 0 496 66 100 33 
L 160 12 80 0 430 66 100 34
R 200 25 100 0 364 66 100 35
L 180 14 90 0 298 66 100 36 
L 180 14 90 0 166 66 100 38 
L 200 16 100 0 100 66 100 39
A 0 0 0 0 0 100 100 40